54

1
(
(0                )
(0.533681872708910)
(3.20209123625346)
(16.5441380539762)
(36.5441380539762)
(56.5441380539762)
(76.5441380539762)
(96.5441380539762)
(116.544138053976)
(136.544138053976)
(156.544138053976)
(176.544138053976)
(196.544138053976)
(216.544138053976)
(236.544138053976)
(256.544138053976)
(276.544138053976)
(296.544138053976)
(316.544138053976)
(336.544138053976)
(356.544138053976)
(376.544138053976)
(396.544138053976)
(416.544138053976)
(436.544138053976)
(456.544138053976)
(476.544138053976)
(496.544138053976)
(516.544138053976)
(536.544138053976)
(556.544138053976)
(576.544138053976)
(596.544138053976)
(616.544138053976)
(636.544138053976)
(656.544138053976)
(676.544138053976)
(696.544138053976)
(716.544138053976)
(736.544138053976)
(756.544138053976)
(776.544138053976)
(796.544138053976)
(816.544138053976)
(836.544138053976)
(856.544138053976)
(876.544138053976)
(896.544138053976)
(916.544138053976)
(936.544138053976)
(956.544138053976)
(976.544138053976)
(996.544138053976)
(1000            )
)
;

